#Relational Opertaor
2<3
2>3
2<=2
3>=3
x <- 3^4
x == 81

y <- 3^4
y == 80

2!=3